10000.0,25
20000.0,1308
30000.0,1838
40000.0,486
50000.0,133
60000.0,44
70000.0,31
80000.0,27
90000.0,30
100000.0,47
110000.0,55
120000.0,60
130000.0,46
140000.0,566
150000.0,687
160000.0,61
170000.0,69
180000.0,85
190000.0,66
200000.0,87
210000.0,91
220000.0,134
230000.0,176
240000.0,216
250000.0,266
260000.0,268
270000.0,270
280000.0,319
290000.0,3411
300000.0,385
310000.0,465
320000.0,666
330000.0,837
340000.0,1157
350000.0,1262
360000.0,1321
370000.0,1294
380000.0,1050
390000.0,807
400000.0,662
410000.0,410
420000.0,300
430000.0,212
440000.0,148
450000.0,137
460000.0,106
470000.0,124
480000.0,97
490000.0,98
500000.0,93
510000.0,94
520000.0,97
530000.0,113
540000.0,106
550000.0,131
560000.0,134
570000.0,134
580000.0,154
590000.0,133
600000.0,172
610000.0,131
620000.0,140
630000.0,173
640000.0,151
650000.0,146
660000.0,142
670000.0,139
680000.0,136
690000.0,134
700000.0,141
710000.0,107
720000.0,123
730000.0,90
740000.0,108
750000.0,106
760000.0,104
770000.0,102
780000.0,91
790000.0,103
800000.0,100
810000.0,88
820000.0,90
830000.0,75
840000.0,74
850000.0,90
860000.0,69
870000.0,766
880000.0,738
890000.0,767
900000.0,50
910000.0,56
920000.0,62
930000.0,7
940000.0,51
950000.0,63
960000.0,66
970000.0,63
980000.0,58
990000.0,62
1000000.0,49
1010000.0,61
1020000.0,50
1030000.0,43
1040000.0,72
1050000.0,54
1060000.0,66
1070000.0,48
1080000.0,39
1090000.0,56
1100000.0,61
1110000.0,52
1120000.0,59
1130000.0,42
1140000.0,54
1150000.0,61
1160000.0,60
1170000.0,48
1180000.0,48
1190000.0,34
1200000.0,55
1210000.0,48
1220000.0,47
1230000.0,43
1240000.0,58
1250000.0,33
1260000.0,51
1270000.0,45
1280000.0,48
1290000.0,38
1300000.0,42
1310000.0,47
1320000.0,34
1330000.0,38
1340000.0,47
1350000.0,35
1360000.0,45
1370000.0,29
1380000.0,36
1390000.0,39
1400000.0,41
1410000.0,35
1420000.0,40
1430000.0,38
1440000.0,35
1450000.0,31
1460000.0,39
1470000.0,34
1480000.0,31
1490000.0,37
1500000.0,40
1510000.0,28
1520000.0,46
1530000.0,40
1540000.0,32
1550000.0,24
1560000.0,32
1570000.0,27
1580000.0,27
1590000.0,38
1600000.0,28
1610000.0,37
1620000.0,36
1630000.0,26
1640000.0,42
1650000.0,45
1660000.0,47
1670000.0,46
1680000.0,58
1690000.0,69
1700000.0,65
1710000.0,70
1720000.0,94
1730000.0,96
1740000.0,93
1750000.0,114
1760000.0,101
1770000.0,107
1780000.0,137
1790000.0,122
1800000.0,120
1810000.0,109
1820000.0,117
1830000.0,104
1840000.0,99
1850000.0,79
1860000.0,85
1870000.0,76
1880000.0,68
1890000.0,59
1900000.0,68
1910000.0,46
1920000.0,38
1930000.0,46
1940000.0,53
1950000.0,43
1960000.0,38
1970000.0,45
1980000.0,48
1990000.0,28
2000000.0,39
2010000.0,37
2020000.0,31
2030000.0,32
2040000.0,41
2050000.0,34
2060000.0,29
2070000.0,25
2080000.0,22
2090000.0,29
2100000.0,33
2110000.0,34
2120000.0,37
2130000.0,39
2140000.0,29
2150000.0,40
2160000.0,38
2170000.0,34
2180000.0,34
2190000.0,29
2200000.0,38
2210000.0,32
2220000.0,30
2230000.0,34
2240000.0,33
2250000.0,38
2260000.0,33
2270000.0,28
2280000.0,30
2290000.0,36
2300000.0,35
2310000.0,46
2320000.0,33
2330000.0,44
2340000.0,40
2350000.0,30
2360000.0,40
2370000.0,31
2380000.0,34
2390000.0,38
2400000.0,39
2410000.0,44
2420000.0,37
2430000.0,34
2440000.0,31
2450000.0,20
2460000.0,33
2470000.0,31
2480000.0,23
2490000.0,28
2500000.0,34
2510000.0,26
2520000.0,30
2530000.0,28
2540000.0,29
2550000.0,28
2560000.0,30
2570000.0,35
2580000.0,28
2590000.0,33
2600000.0,18
2610000.0,30
2620000.0,19
2630000.0,19
2640000.0,19
2650000.0,24
2660000.0,29
2670000.0,22
2680000.0,21
2690000.0,26
2700000.0,18
2710000.0,27
2720000.0,21
2730000.0,26
2740000.0,27
2750000.0,18
2760000.0,24
2770000.0,18
2780000.0,22
2790000.0,21
2800000.0,23
2810000.0,31
2820000.0,24
2830000.0,21
2840000.0,19
2850000.0,26
2860000.0,18
2870000.0,20
2880000.0,21
2890000.0,25
2900000.0,22
2910000.0,18
2920000.0,27
2930000.0,21
2940000.0,35
2950000.0,43
2960000.0,29
2970000.0,46
2980000.0,35
2990000.0,54
3000000.0,51
3010000.0,66
3020000.0,71
3030000.0,60
3040000.0,57
3050000.0,69
3060000.0,78
3070000.0,80
3080000.0,74
3090000.0,86
3100000.0,78
3110000.0,81
3120000.0,86
3130000.0,80
3140000.0,71
3150000.0,74
3160000.0,68
3170000.0,74
3180000.0,65
3190000.0,61
3200000.0,60
3210000.0,46
3220000.0,42
3230000.0,38
3240000.0,28
3250000.0,23
3260000.0,38
3270000.0,21
3280000.0,24
3290000.0,17
3300000.0,20
3310000.0,11
3320000.0,20
3330000.0,27
3340000.0,16
3350000.0,24
3360000.0,41
3370000.0,35
3380000.0,39
3390000.0,41
3400000.0,53
3410000.0,53
3420000.0,49
3430000.0,61
3440000.0,63
3450000.0,70
3460000.0,92
3470000.0,67
3480000.0,61
3490000.0,76
3500000.0,89
3510000.0,65
3520000.0,64
3530000.0,67
3540000.0,68
3550000.0,55
3560000.0,59
3570000.0,55
3580000.0,41
3590000.0,50
3600000.0,47
3610000.0,40
3620000.0,49
3630000.0,31
3640000.0,24
3650000.0,26
3660000.0,26
3670000.0,22
3680000.0,19
3690000.0,19
3700000.0,10
3710000.0,10
3720000.0,7
3730000.0,12
3740000.0,5
3750000.0,9
3760000.0,8
3770000.0,2
3780000.0,2
3790000.0,7
3800000.0,3
3810000.0,4
3820000.0,3
3830000.0,4
3840000.0,8
3860000.0,5
3870000.0,2
3880000.0,2
3890000.0,3
3900000.0,6
3910000.0,5
3920000.0,2
3930000.0,5
3940000.0,2
3950000.0,2
3960000.0,3
3980000.0,3
3990000.0,1
4000000.0,2
4010000.0,2
4030000.0,5
4040000.0,3
4050000.0,1
4060000.0,7
4070000.0,2
4080000.0,4
4090000.0,3
4100000.0,1
4110000.0,1
4120000.0,2
4130000.0,3
4140000.0,4
4150000.0,1
4160000.0,5
4170000.0,3
4180000.0,2
4190000.0,4
4200000.0,2
4210000.0,2
4220000.0,2
4230000.0,3
4240000.0,2
4250000.0,4
4290000.0,1
4300000.0,5
4310000.0,3
4320000.0,2
4330000.0,2
4340000.0,2
4360000.0,2
4370000.0,3
4380000.0,1
4400000.0,3
4420000.0,1
4430000.0,1
4440000.0,1
4450000.0,1
4470000.0,2
4480000.0,3
4490000.0,1
4500000.0,1
4510000.0,2
4520000.0,2
4530000.0,3
4550000.0,4
4570000.0,2
4600000.0,3
4610000.0,2
4620000.0,1
4640000.0,2
4650000.0,2
4660000.0,1
4670000.0,1
4690000.0,1
4720000.0,1
4730000.0,1
4740000.0,2
4750000.0,2
4770000.0,1
4780000.0,1
4790000.0,1
4800000.0,1
4810000.0,3
4830000.0,1
4850000.0,2
4860000.0,1
4870000.0,2
4880000.0,5
4900000.0,2
4910000.0,4
4920000.0,1
4930000.0,1
4940000.0,2
4960000.0,1
4980000.0,1
4990000.0,2
5000000.0,1
5010000.0,3
5020000.0,1
5030000.0,2
5040000.0,1
5060000.0,1
5070000.0,2
5080000.0,2
5100000.0,1
5130000.0,1
5150000.0,3
5160000.0,1
5170000.0,1
5180000.0,4
5190000.0,2
5200000.0,1
5210000.0,3
5230000.0,1
5240000.0,2
5250000.0,1
5260000.0,1
5270000.0,1
5280000.0,2
5290000.0,2
5300000.0,1
5310000.0,1
5330000.0,1
5390000.0,1
5430000.0,1
5460000.0,1
5470000.0,1
5490000.0,4
5500000.0,3
5520000.0,1
5530000.0,1
5540000.0,2
5550000.0,1
5560000.0,3
5570000.0,2
5580000.0,1
5590000.0,1
5600000.0,5
5610000.0,1
5620000.0,3
5630000.0,1
5640000.0,1
5650000.0,1
5660000.0,2
5710000.0,1
5730000.0,1
5740000.0,1
5760000.0,1
6410000.0,1
6450000.0,1
6490000.0,1
6560000.0,1
6590000.0,1
6650000.0,1
8020000.0,1
8030000.0,2

